695
1276
8391
9306
12969
14031
16075
16947
17767
18331
18338
19359
19481
19911
19912
19977
20441
22021
22137
22223
22350
23483
23541
24343
26412
27788
27873
30113
30884
30997
31713
35191
38405
38893
38949
38961
39392
39611
39649
39667
40470
40616
41016
41337
41556
41990
43424
44027
44465
45320
46795
47707
48506
50039
51693
51969
53528
54382
54387
64155
64438
65860
66849
70931
74815
75487
75780
76259
77456
77911
78225
78400
78872
80878
81421
82059
83191
83665
83844
84468
84728
84821
88446
92689
95271
95878
97214
97529
97946
98042
98129
98184
98189
98664
99321
99642
99718
100119
100433
100502
100928
101344
101466
103119
103257
103291
103440
104096
104214
105863
105878
108207
108523
108624
108792
112706
113426
113815
114272
114614
117059
