516
1550
1627
1834
2085
4008
7145
8953
9306
9383
10826
12193
12302
13502
14542
15530
17447
18517
19057
20429
21000
21046
21479
22170
23203
23950
24169
24744
25608
27119
28134
28166
28770
28874
30785
31404
34922
35793
36685
37515
38907
38923
38965
39751
40060
40233
41201
41588
42257
42831
42926
42975
43541
45949
47131
47626
48036
48405
48662
50722
50843
51653
51719
52538
52599
52661
53300
53589
54101
54543
55726
56533
57260
57504
57607
59267
59551
59844
60180
60455
62830
62986
63152
63835
64293
65006
65166
65835
66696
66825
67439
67556
67566
68137
69695
69754
70203
70885
74337
75018
76196
77598
77619
78574
78721
79932
80259
80432
80802
81165
81815
81835
82516
83674
83866
84004
84123
84213
84329
87495
89535
89596
89669
89968
90241
90697
92013
92235
92400
92420
92491
93785
94094
94162
94312
94489
95902
96458
97150
97629
97717
98190
98856
99021
99362
99653
100135
100219
100404
101023
101079
101282
101888
102276
102949
104130
104214
104451
105678
105788
106583
106642
108630
108728
109070
110112
112026
112155
112317
112545
112626
112887
114110
114114
114489
116758
116883
117099
117185
118188
