8
18
30
47
55
87
91
111
123
191
205
209
226
227
251
307
312
320
325
332
344
390
440
464
516
570
651
696
703
746
750
760
781
873
1050
1055
1093
1162
1182
1213
1222
1236
1297
1322
1387
1388
1446
1463
1485
1550
1627
1630
1661
1720
1728
1753
1834
1842
1878
1901
1963
2029
2085
2149
2152
2183
2191
2192
2219
2251
2286
2317
2381
2387
2412
2432
2499
2505
2514
2543
2546
2614
2644
2655
2662
2719
2726
2754
2802
2882
2899
2920
2938
3003
3114
3218
3265
3306
3337
3372
3504
3530
3532
3556
3564
3571
3757
3845
3862
3886
4008
4035
4051
4233
4234
4248
4267
4271
4284
4287
4322
4328
4360
4427
4540
4541
4544
4576
4623
4639
4652
4725
4809
4831
4902
4903
4973
5018
5024
5056
5066
5095
5109
5138
5160
5254
5336
5374
5410
5442
5447
5517
5528
5571
5576
5658
5699
5734
5743
5763
5793
5803
5827
5841
5846
5861
5885
5888
5955
5971
6029
6045
6057
6094
6115
6191
6243
6286
6300
6311
6325
6361
6390
6427
6452
6501
6524
6554
6575
6578
6667
6692
6794
6831
6847
7013
7117
7145
7149
7176
7183
7224
7241
7260
7274
7309
7398
7417
7437
7463
7513
7526
7548
7638
7647
7670
7751
7755
7777
7943
7982
8038
8072
8077
8086
8163
8172
8284
8334
8357
8369
8381
8433
8447
8450
8482
8574
8614
8704
8708
8777
8819
8903
8939
8953
8962
9057
9234
9236
9244
9306
9361
9383
9434
9506
9598
9717
9741
9750
9767
9800
9837
9841
9878
9880
9928
9932
10005
10030
10153
10191
10192
10248
10311
10332
10401
10421
10463
10491
10529
10530
10576
10602
10621
10687
10688
10732
10733
10769
10788
10819
10866
11032
11093
11128
11138
11170
11215
11288
11350
11423
11517
11558
11582
11817
11835
11882
11888
11899
11910
11912
11996
12016
12108
12144
12193
12199
12231
12284
12302
12311
12337
12375
12414
12421
12484
12633
12635
12669
12672
12677
12710
12742
12756
12817
12885
12969
12992
12994
13059
13092
13116
13165
13172
13177
13215
13262
13476
13479
13502
13565
13575
13736
13852
13890
13962
13982
14042
14070
14135
14146
14171
14187
14229
14363
14395
14420
14486
14488
14523
14542
14549
14574
14601
14654
14665
14695
14699
14731
14856
14862
14883
14943
15027
15042
15144
15145
15201
15243
15394
15465
15479
15511
15517
15530
15691
15726
15746
15771
15855
15882
15904
15955
15967
16076
16094
16126
16292
16321
16328
16410
16411
16446
16621
16647
16773
16775
16881
17036
17144
17185
17273
17378
17440
17447
17448
17487
17508
17509
17531
17571
17574
17607
17621
17686
17750
17751
17766
17851
17876
17878
17894
17995
18060
18067
18115
18180
18246
18336
18439
18487
18488
18497
18508
18517
18540
18545
18623
18673
18706
18747
18861
18872
18988
19007
19013
19057
19079
19137
19210
19230
19257
19278
19298
19318
19331
19350
19403
19567
19610
19618
19671
19717
19733
19770
19812
19834
19862
19881
19917
19931
19978
19993
20031
20045
20112
20160
20161
20202
20231
20386
20387
20428
20429
20476
20553
20584
20587
20650
20668
20704
20732
20744
20755
20777
20779
20810
20875
20884
20990
21000
21010
21046
21059
21239
21252
21265
21308
21375
21407
21467
21478
21522
21578
21600
21615
21619
21766
21913
21923
21926
22000
22044
22054
22127
22135
22157
22170
22234
22256
22275
22276
22291
22303
22377
22442
22445
22450
22466
22470
22534
22535
22549
22750
22766
22796
22834
22848
22858
22925
22952
23015
23165
23210
23358
23360
23397
23497
23554
23597
23602
23636
23680
23727
23750
23752
23767
23768
23796
23817
23879
23892
23950
24055
24087
24105
24126
24142
24156
24169
24181
24196
24226
24261
24281
24387
24409
24436
24468
24471
24476
24500
24604
24645
24653
24704
24710
24728
24744
24811
24824
24980
25045
25101
25212
25266
25365
25401
25412
25428
25434
25540
25606
25608
25612
25642
25672
25673
25701
25713
25733
25763
25790
25797
25805
25886
25964
25984
26006
26007
26069
26111
26188
26218
26232
26241
26247
26248
26282
26295
26322
26332
26368
26393
26394
26403
26466
26481
26497
26504
26533
26630
26671
26675
26753
26754
26851
26873
26885
26899
26989
27081
27109
27119
27138
27168
27187
27231
27243
27286
27288
27359
27362
27366
27369
27401
27467
27549
27654
27662
27766
27776
27904
27967
28033
28041
28068
28084
28134
28166
28175
28279
28483
28519
28524
28537
28558
28570
28618
28625
28687
28699
28714
28716
28742
28770
28791
28866
28874
28936
28945
29021
29022
29052
29055
29109
29370
29441
29483
29528
29547
29583
29651
29738
29869
29899
29962
29997
30011
30141
30219
30221
30241
30251
30286
30324
30326
30438
30449
30541
30701
30728
30744
30785
30851
30858
30972
31043
31063
31097
31209
31214
31349
31361
31404
31510
31553
31560
31624
31663
31671
31831
31857
31905
31948
31998
32011
32064
32094
32115
32145
32180
32200
32209
32217
32246
32400
32410
32439
32452
32457
32465
32468
32512
32558
32573
32675
32677
32680
32805
32814
32854
32864
32902
32915
33014
33018
33104
33131
33143
33182
33369
33422
33441
33450
33486
33497
33501
33520
33573
33611
33617
33723
33789
33791
33808
33824
33851
33919
33946
34012
34069
34085
34087
34088
34104
34157
34186
34200
34204
34250
34299
34302
34317
34331
34356
34384
34392
34413
34473
34474
34481
34527
34560
34646
34684
34719
34743
34777
34856
34859
34869
34895
34918
35046
35071
35074
35212
35213
35281
35282
35384
35445
35447
35488
35512
35584
35665
35671
35708
35783
35793
35799
35812
35844
35855
35915
35924
36031
36043
36055
36088
36171
36249
36284
36288
36314
36364
36394
36423
36469
36487
36514
36521
36547
36565
36567
36617
36627
36669
36678
36685
36744
36750
36812
36899
36902
36914
36968
36998
37207
37230
37233
37270
37294
37427
37433
37438
37449
37459
37497
37508
37511
37515
37539
37664
37779
37805
37830
37835
37867
37884
37893
37905
37912
37972
38063
38116
38149
38164
38241
38247
38336
38355
38421
38424
38441
38509
38510
38561
38569
38632
38677
38702
38772
38787
38788
38789
38854
38872
38907
38944
38988
39010
39033
39114
39144
39184
39228
39232
39283
39361
39376
39431
39433
39537
39554
39613
39666
39685
39729
39750
39751
39825
39849
39877
39933
39960
39966
39967
39987
40060
40078
40178
40186
40210
40211
40233
40285
40290
40298
40347
40350
40351
40388
40421
40442
40473
40489
40534
40546
40566
40593
40610
40646
40680
40775
40813
40843
40889
40923
40943
40951
41058
41131
41351
41352
41361
41434
41542
41544
41545
41557
41588
41664
41697
41716
41793
41811
41813
41822
41882
41909
41936
42019
42115
42139
42257
42269
42298
42315
42321
42334
42376
42394
42421
42431
42432
42455
42478
42481
42492
42509
42568
42614
42638
42652
42672
42825
42831
42853
42913
42926
42929
42975
43018
43023
43123
43138
43162
43192
43234
43284
43402
43438
43541
43573
43584
43599
43629
43653
43655
43681
43732
43745
43826
43835
43897
43905
43980
44017
44050
44056
44144
44145
44293
44337
44442
44443
44513
44556
44560
44614
44626
44659
44717
44806
44814
44817
44846
44900
44910
44977
44995
45058
45116
45182
45266
45290
45527
45593
45607
45644
45709
45731
45734
45756
45773
45798
45873
45949
46048
46153
46238
46245
46268
46361
46502
46516
46544
46610
46625
46714
46746
46754
46783
46870
46882
46922
46924
46960
46964
46977
47066
47074
47085
47131
47177
47181
47242
47282
47296
47307
47333
47391
47522
47537
47586
47592
47593
47626
47630
47707
47713
47727
47756
47792
47808
47820
47824
47854
47869
47886
47890
47919
47941
47956
48122
48150
48234
48270
48319
48356
48367
48405
48466
48474
48485
48491
48519
48520
48548
48634
48663
48838
48844
48958
48993
49008
49022
49026
49033
49139
49225
49277
49294
49319
49333
49385
49422
49485
49501
49524
49583
49628
49667
49751
49810
49840
49841
49863
49889
49924
49950
49962
49989
50001
50045
50073
50108
50114
50120
50230
50244
50289
50368
50378
50448
50507
50564
50610
50618
50623
50630
50655
50675
50694
50697
50702
50722
50794
50801
50873
50877
50933
51084
51110
51142
51210
51262
51297
51313
51327
51334
51338
51343
51344
51348
51393
51416
51438
51460
51508
51548
51560
51561
51640
51653
51702
51718
51719
51751
51783
51791
51814
51894
51903
51909
51921
51928
51969
51979
52029
52091
52098
52102
52249
52344
52346
52436
52518
52538
52546
52562
52565
52570
52622
52626
52661
52713
52858
52865
52887
52913
53080
53083
53085
53113
53114
53175
53180
53185
53213
53297
53300
53330
53332
53397
53456
53461
53496
53509
53536
53589
53590
53593
53595
53608
53622
53623
53632
53702
53740
53745
53749
53752
53754
53805
53853
53867
53911
53915
53934
53937
53945
53957
53959
53962
53972
54018
54060
54064
54101
54113
54227
54298
54299
54382
54455
54461
54490
54543
54576
54658
54738
54751
54846
54872
54879
54891
54912
54955
54973
55042
55095
55161
55223
55281
55355
55413
55420
55434
55449
55488
55502
55591
55648
55726
55730
55758
55812
55825
56001
56024
56035
56088
56205
56216
56233
56289
56350
56409
56533
56695
56724
56734
56742
56785
56802
56898
56936
56947
56991
57009
57016
57068
57111
57129
57130
57146
57190
57252
57260
57277
57303
57328
57361
57367
57371
57415
57424
57439
57447
57479
57483
57504
57566
57570
57581
57589
57607
57625
57632
57639
57642
57725
57731
57813
57838
57855
57884
57901
57978
58033
58040
58053
58082
58107
58134
58161
58204
58219
58225
58285
58352
58484
58544
58557
58570
58605
58607
58649
58652
58682
58687
58769
58789
58806
58817
58819
58854
58902
58907
58910
58917
58980
58988
59006
59026
59045
59081
59105
59186
59198
59208
59236
59250
59267
59307
59320
59331
59351
59406
59431
59442
59454
59476
59518
59551
59562
59573
59575
59616
59659
59664
59665
59683
59746
59836
59844
59929
59941
59946
59987
59995
59996
60030
60057
60106
60115
60161
60162
60180
60237
60265
60320
60367
60444
60445
60455
60485
60501
60502
60545
60706
60753
60776
60815
60886
61009
61031
61132
61225
61243
61286
61317
61341
61414
61469
61532
61632
61633
61651
61667
61693
61701
61704
61738
61747
61809
61823
61878
61886
61891
61978
61981
61993
62003
62012
62071
62080
62084
62126
62159
62195
62211
62216
62238
62322
62328
62343
62344
62386
62387
62401
62402
62415
62446
62488
62496
62506
62518
62556
62561
62712
62783
62803
62804
62830
62844
62852
62888
62909
62922
62951
62968
62986
63040
63054
63121
63152
63162
63165
63175
63190
63285
63301
63347
63380
63403
63409
63424
63440
63501
63607
63642
63693
63716
63781
63816
63835
63901
63935
63948
63971
64113
64130
64267
64293
64327
64393
64407
64443
64534
64593
64603
64684
64778
64792
64816
64820
64833
64875
64892
64924
64981
65000
65006
65012
65063
65110
65166
65182
65184
65344
65384
65418
65445
65531
65547
65582
65626
65661
65799
65829
65835
65877
65911
65977
66031
66051
66067
66100
66105
66110
66122
66189
66200
66234
66345
66383
66410
66420
66442
66464
66466
66480
66490
66562
66578
66594
66614
66696
66784
66825
66829
67027
67087
67142
67186
67204
67227
67241
67273
67359
67410
67434
67439
67455
67459
67483
67549
67556
67566
67608
67627
67651
67653
67702
67703
67746
67761
67767
67781
67787
67884
67927
67976
68032
68137
68163
68188
68225
68292
68328
68407
68455
68529
68576
68612
68765
68794
68855
68900
68907
68908
68940
69045
69053
69145
69163
69168
69191
69240
69299
69306
69313
69346
69352
69427
69483
69525
69543
69562
69573
69578
69633
69650
69683
69695
69754
69759
69763
69799
69816
69819
69826
69920
69974
69981
70023
70042
70073
70141
70192
70203
70205
70209
70219
70236
70288
70291
70395
70405
70469
70572
70587
70590
70669
70751
70858
70885
71107
71116
71184
71186
71295
71301
71380
71389
71413
71490
71527
71568
71644
71681
71725
71748
71824
72012
72055
72115
72131
72287
72300
72344
72370
72417
72444
72472
72518
72589
72670
72691
72721
72734
72850
72889
73026
73103
73156
73185
73186
73213
73315
73414
73471
73473
73550
73555
73562
73607
73674
73678
73838
73897
74031
74168
74179
74314
74337
74350
74424
74448
74488
74556
74558
74600
74739
74785
74802
74931
74990
75018
75043
75143
75144
75170
75225
75393
75437
75444
75473
75572
75589
75590
75627
75695
75710
75847
75928
75942
75982
76152
76172
76196
76266
76272
76313
76345
76371
76377
76404
76406
76471
76478
76536
76561
76566
76602
76667
76692
76783
76798
76886
76918
76947
76994
77027
77055
77251
77361
77460
77501
77503
77598
77615
77619
77663
77670
77744
77764
77830
77852
77913
77956
77997
78009
78012
78029
78072
78083
78094
78148
78259
78307
78317
78368
78382
78384
78385
78417
78476
78493
78554
78568
78574
78592
78659
78700
78721
78739
78746
78771
78797
78802
78848
78872
78891
78919
78976
78978
79017
79019
79107
79147
79177
79193
79205
79212
79213
79330
79333
79354
79435
79477
79488
79553
79623
79666
79686
79726
79755
79779
79794
79802
79836
79850
79861
79932
79955
79965
79974
79979
79992
80039
80051
80071
80102
80130
80144
80259
80283
80326
80365
80383
80402
80410
80432
80487
80488
80518
80550
80606
80640
80645
80816
80817
80825
80853
80870
80890
80903
80931
80990
81014
81026
81037
81046
81080
81095
81111
81157
81165
81188
81238
81304
81309
81370
81394
81395
81417
81426
81445
81463
81480
81490
81493
81506
81549
81609
81618
81664
81676
81681
81747
81815
81835
81839
81943
82020
82023
82060
82112
82160
82206
82249
82293
82295
82307
82352
82363
82398
82472
82486
82498
82506
82516
82627
82695
82724
82734
82747
82748
82777
82780
82830
82833
82860
82912
82964
83010
83016
83029
83059
83238
83244
83304
83306
83342
83347
83430
83433
83478
83582
83609
83632
83674
83684
83703
83762
83781
83854
83866
83876
83891
83995
84004
84010
84027
84028
84035
84059
84102
84123
84139
84143
84213
84233
84256
84329
84411
84465
84524
84612
84677
84763
84767
84795
84859
84867
84876
84896
84898
84920
84948
84968
85126
85195
85230
85268
85296
85304
85314
85345
85386
85596
85597
85701
85767
85820
85924
85925
86122
86160
86183
86284
86306
86349
86458
86512
86532
86612
86749
86815
86836
86848
86852
86897
86938
87028
87055
87072
87144
87155
87166
87173
87201
87234
87293
87311
87320
87374
87381
87458
87484
87495
87510
87563
87585
87681
87804
87910
87922
87933
88028
88064
88098
88109
88127
88242
88248
88330
88341
88402
88439
88457
88522
88538
88567
88590
88648
88663
88673
88684
88748
88766
88775
88786
88802
88816
88818
88838
88855
88908
88923
88946
89013
89018
89051
89216
89258
89299
89324
89326
89372
89382
89401
89419
89437
89450
89523
89535
89568
89578
89596
89613
89669
89674
89683
89739
89746
89753
89762
89772
89794
89805
89886
89937
90033
90037
90053
90092
90110
90115
90190
90241
90254
90273
90275
90290
90378
90417
90478
90493
90576
90663
90677
90697
90762
90791
90806
90836
90837
90850
90905
90915
90957
90997
90999
91014
91015
91179
91197
91239
91251
91316
91342
91366
91373
91419
91612
91613
91634
91635
91668
91697
91706
91726
91738
91752
91772
91828
91918
92013
92043
92088
92093
92187
92202
92207
92221
92244
92340
92370
92376
92400
92420
92452
92453
92491
92575
92704
92868
92896
92940
92945
92969
92989
93047
93063
93066
93325
93349
93399
93410
93424
93429
93476
93477
93533
93548
93591
93605
93681
93683
93685
93785
93820
93835
93863
93912
93938
93978
93987
93990
94013
94038
94046
94075
94094
94134
94141
94162
94223
94303
94312
94320
94336
94340
94364
94376
94393
94402
94415
94438
94453
94474
94489
94604
94706
94730
94737
94738
94809
94829
94869
94898
94961
95118
95124
95159
95198
95208
95222
95350
95378
95436
95444
95479
95497
95501
95547
95596
95652
95676
95688
95702
95704
95732
95739
95816
95832
95836
95837
95853
95902
96031
96100
96101
96112
96172
96200
96230
96349
96356
96395
96458
96487
96496
96522
96542
96580
96581
96593
96636
96647
96669
96773
96969
97068
97113
97149
97150
97184
97228
97232
97270
97278
97309
97362
97465
97478
97520
97573
97594
97629
97630
97644
97649
97708
97717
97733
97804
97805
97844
97913
97923
98009
98021
98031
98033
98077
98085
98190
98212
98237
98241
98265
98270
98334
98368
98376
98411
98413
98447
98526
98546
98553
98675
98737
98772
98852
98856
98875
98920
98935
99021
99045
99097
99120
99246
99258
99276
99309
99361
99362
99400
99436
99492
99503
99511
99512
99536
99567
99586
99735
99765
99793
99802
99839
99890
99990
100033
100048
100113
100135
100137
100219
100248
100286
100288
100345
100404
100449
100453
100530
100531
100599
100625
100631
100820
100843
100879
100922
100935
100940
100965
100991
101023
101029
101035
101063
101079
101120
101162
101166
101282
101306
101317
101356
101375
101393
101444
101453
101500
101574
101580
101625
101626
101688
101737
101743
101811
101856
101881
101888
101951
101985
102082
102098
102219
102246
102267
102276
102281
102307
102358
102395
102398
102419
102422
102440
102532
102546
102593
102626
102652
102685
102732
102784
102829
102853
102861
102949
102976
102990
103006
103015
103069
103160
103185
103193
103241
103350
103364
103401
103433
103533
103567
103636
103656
103747
103755
103832
103867
103910
103924
104002
104005
104015
104060
104066
104083
104093
104130
104180
104206
104285
104329
104353
104416
104506
104551
104564
104569
104608
104613
104615
104644
104715
104731
104777
104837
104866
104877
104879
104930
104962
104986
105026
105065
105151
105186
105285
105357
105416
105428
105446
105498
105623
105645
105678
105738
105767
105769
105788
105850
105876
105966
106144
106205
106243
106403
106417
106446
106481
106512
106527
106574
106622
106642
106645
106649
106653
106750
106754
106884
106897
107031
107078
107114
107129
107196
107230
107231
107348
107372
107390
107421
107516
107600
107713
107717
107718
107783
107788
107819
107935
107937
107998
108013
108057
108066
108144
108159
108427
108535
108594
108630
108728
108729
108736
108758
108799
108801
108836
108839
108844
108870
108886
108900
108906
108913
109019
109036
109070
109074
109119
109158
109163
109165
109191
109262
109400
109402
109464
109492
109568
109572
109610
109619
109766
109833
109873
109890
110019
110099
110112
110146
110309
110322
110326
110337
110339
110386
110400
110444
110451
110478
110493
110509
110526
110566
110570
110618
110627
110632
110651
110653
110654
110697
110719
110736
110737
110776
110817
110870
110892
110964
110972
110981
110991
110998
111003
111008
111042
111076
111142
111144
111188
111250
111347
111348
111359
111385
111386
111393
111461
111479
111584
111592
111613
111719
111766
111839
111946
111972
112026
112029
112073
112153
112155
112173
112216
112281
112292
112306
112312
112317
112452
112522
112536
112545
112553
112626
112642
112693
112777
112784
112800
112831
112832
112887
112960
112994
113021
113052
113105
113201
113241
113266
113332
113390
113392
113405
113465
113506
113546
113620
113647
113652
113660
113715
113760
113771
113812
113864
113879
113919
113930
113963
113970
113985
114068
114083
114114
114160
114187
114234
114267
114270
114275
114290
114379
114489
114508
114515
114638
114675
114716
114794
114823
114836
114910
114970
114992
114994
114995
115036
115135
115188
115222
115242
115243
115254
115343
115390
115407
115460
115553
115598
115620
115623
115656
115759
115870
115871
115899
115925
116016
116018
116060
116070
116093
116120
116161
116274
116350
116367
116370
116407
116443
116455
116497
116527
116556
116595
116615
116664
116681
116684
116705
116744
116758
116778
116798
116805
116883
116898
116907
116911
116942
117080
117145
117154
117185
117208
117235
117364
117434
117446
117455
117459
117507
117524
117584
117591
117636
117647
117690
117703
117704
117710
117864
118058
118083
118085
118095
118101
118122
118142
118149
118174
118221
118227
118243
118249
118274
118283
118297
118298
118311
120001
120148
